best_polynomial_fit
([ 0.00447501,  0.21370213,  0.44797097,  0.65322194,  0.79359662,
        0.84914368,  0.81352464,  0.6917198 ,  0.49773407,  0.25230281,
       -0.01940229, -0.29006739, -0.5325306 , -0.72207616, -0.83872858,
       -0.86954679, -0.81091824, -0.67085313, -0.47127847, -0.25033229,
       -0.06465773])

sinusoidal_fit
([  0.00000000e+00,   2.55270969e-01,   4.85554237e-01,
         6.68308073e-01,   7.85643259e-01,   8.26074208e-01,
         7.85643259e-01,   6.68308073e-01,   4.85554237e-01,
         2.55270969e-01,   1.01164914e-16,  -2.55270969e-01,
        -4.85554237e-01,  -6.68308073e-01,  -7.85643259e-01,
        -8.26074208e-01,  -7.85643259e-01,  -6.68308073e-01,
        -4.85554237e-01,  -2.55270969e-01,  -2.02329827e-16])